60 172
88 100
33 164
107 113
88 109
76 107
45 147
96 131
37 143
170 178
29 50
76 134
148 159
140 155
50 100
61 100
58 113
150 187
113 147
86 193
27 125
48 157
3 15
110 159
31 113
6 178
87 112
16 70
94 169
33 150
55 61
15 25
28 53
117 149
128 158
48 49
15 110
40 54
109 172
24 195
172 182
68 143
78 175
80 108
110 118
79 149
27 111
161 200
70 180
150 200
59 180
10 49
81 100
94 119
20 81
102 132
28 192
40 157
24 60
143 160
32 82
84 120
75 151
52 149
95 129
10 152
2 148
46 93
36 70
65 106
188 195
168 198
15 105
26 105
109 158
191 200
50 81
120 167
70 148
101 126
7 119
132 150
80 112
67 179
153 182
172 195
27 115
83 123
22 27
94 132
131 181
69 197
13 55
51 72
115 173
187 189
4 95
81 180
87 120
124 169
25 154
51 175
109 144
40 44
89 174
101 148
30 106
48 142
146 165
80 192
103 105
4 81
75 141
64 104
19 200
109 112
74 154
49 88
51 170
23 188
24 162
15 104
35 171
7 100
26 122
1 187
19 83
20 48
13 198
131 135
9 146
36 172
9 155
21 120
5 184
104 163
112 176
60 138
124 159
54 171
108 151
20 178
126 168
98 106
67 137
7 95
30 69
119 156
47 149
19 87
28 154
40 119
131 148
92 184
141 198
72 89
105 123
124 136
39 159
53 103
114 189
108 155
130 161
90 97
87 199
19 55
17 122
47 135
37 198
92 143
68 185
48 127
11 87
69 159
75 108
72 84
42 178
25 107
135 140
5 21
54 161
38 55
108 141
122 188
18 67
72 187
1 145
24 165
4 196
100 133
163 180
77 149
148 200
69 154
27 157
73 124
27 175
33 106
74 107
85 107
45 80
156 176
37 94
107 140
86 117
103 197
19 36
17 103
99 154
28 112
117 199
111 128
17 121
1 167
182 188
98 185
61 145
112 138
10 90
16 21
8 157
122 151
3 60
66 98
22 73
24 119
1 117
23 163
25 200
7 75
3 181
56 196
182 183
48 103
28 134
73 114
115 129
19 152
53 65
56 61
137 144
110 190
75 169
23 140
95 156
67 94
114 178
36 88
18 61
9 98
48 80
22 180
11 49
41 50
121 168
18 164
7 164
79 180
61 144
27 142
1 13
62 118
22 45
10 80
19 156
82 194
24 100
14 77
87 147
8 21
9 84
56 168
57 133
46 133
36 110
6 78
77 129
14 189
67 192
25 46
50 130
141 159
8 133
27 146
73 113
131 194
40 174
37 47
66 83
112 199
15 19
51 103
7 15
60 179
96 111
60 188
25 167
53 149
77 97
5 90
184 187
140 162
184 196
3 184
67 187
113 154
113 163
71 157
28 195
39 106
144 159
39 115
114 127
1 79
177 192
75 172
25 153
17 60
74 185
53 162
66 181
88 129
40 52
139 183
15 126
21 57
67 173
6 77
2 25
142 185
33 40
79 156
10 47
18 149
48 150
19 114
25 45
31 97
24 67
143 176
21 187
44 152
17 46
127 168
143 185
47 59
52 174
108 173
16 99
64 148
3 129
20 200
22 142
65 113
9 69
74 189
80 92
78 168
42 93
62 71
121 157
184 195
153 189
28 167
82 147
48 145
113 162
131 161
59 191
173 176
110 138
102 134
12 88
51 79
1 60
124 149
2 141
88 92
17 50
124 185
5 66
117 164
3 151
86 176
67 172
78 172
63 129
36 175
110 124
20 69
154 158
5 178
24 39
5 187
13 48
72 115
72 124
164 198
156 194
37 103
32 173
168 195
130 187
79 114
129 133
47 152
8 81
28 157
70 172
72 83
92 196
131 178
21 163
10 126
143 161
1 68
87 108
53 115
109 123
31 185
37 116
25 151
12 181
46 85
51 172
120 141
58 68
138 186
47 138
101 118
7 111
130 200
23 46
134 170
100 168
91 110
183 184
92 182
73 159
135 152
179 186
117 122
85 151
149 172
98 99
35 150
1 157
101 104
42 73
20 36
71 109
28 147
48 125
119 176
17 156
53 60
72 73
81 158
44 118
73 163
156 179
137 175
46 66
15 60
75 200
197 198
107 161
79 108
163 178
107 188
5 140
140 194
82 122
5 167
6 132
10 93
16 24
41 108
145 165
22 85
32 153
170 194
107 156
72 189
32 162
13 158
16 163
182 186
11 57
65 186
23 49
10 79
141 181
25 86
94 176
14 67
86 92
51 143
97 110
49 70
96 142
1 133
19 29
89 115
10 200
16 140
30 47
109 197
163 177
140 175
40 97
129 184
50 129
63 108
38 173
163 195
5 148
23 44
10 83
110 170
93 108
125 177
94 171
30 177
185 200
137 160
167 170
122 180
32 125
78 92
170 175
78 101
33 197
70 106
20 25
38 168
58 146
101 178
104 122
141 171
125 154
15 193
14 39
85 90
19 163
185 186
20 128
110 192
137 155
35 98
75 189
24 125
10 190
96 141
139 182
30 37
170 197
46 140
109 196
7 148
58 132
55 197
61 128
81 97
25 53
79 173
19 131
81 124
2 78
63 183
45 58
75 148
29 181
122 143
22 65
84 135
83 179
32 115
26 44
36 76
41 191
55 98
34 152
40 46
33 196
69 100
49 131
56 179
129 160
33 34
98 181
71 164
7 161
14 20
63 160
31 100
5 200
73 115
20 118
43 83